Round	Out	Left	Right	Game Type
1	108	392	0	10
2	89	411	0	10
3	97	403	0	10
4	92	408	0	10
5	101	399	0	10
6	98	402	0	10
7	117	383	0	10
8	107	393	0	10
9	93	407	0	10
10	90	410	0	10
11	104	396	0	10
12	100	400	0	10
13	91	409	0	10
14	86	414	0	10
15	87	413	0	10
16	90	410	0	10
17	103	397	0	10
18	102	398	0	10
19	94	406	0	10
20	93	407	0	10
21	87	413	0	10
22	96	404	0	10
23	78	422	0	10
24	89	411	0	10
25	82	418	0	10
26	90	410	0	10
27	98	402	0	10
28	97	403	0	10
29	103	397	0	10
30	113	387	0	10
31	90	410	0	10
32	103	397	0	10
33	92	408	0	10
34	98	402	0	10
35	92	408	0	10
36	97	403	0	10
37	89	411	0	10
38	96	404	0	10
39	94	406	0	10
40	94	406	0	10
41	81	419	0	10
42	94	406	0	10
43	94	406	0	10
44	105	395	0	10
45	92	408	0	10
46	103	397	0	10
47	95	405	0	10
48	93	407	0	10
49	97	403	0	10
50	103	397	0	10
51	88	412	0	10
52	91	409	0	10
53	91	409	0	10
54	109	391	0	10
55	100	400	0	10
56	87	413	0	10
57	105	395	0	10
58	110	390	0	10
59	91	409	0	10
60	89	411	0	10
61	102	398	0	10
62	115	385	0	10
63	101	399	0	10
64	95	405	0	10
65	78	422	0	10
66	95	405	0	10
67	81	419	0	10
68	89	411	0	10
69	117	383	0	10
70	100	400	0	10
71	91	409	0	10
72	85	415	0	10
73	100	400	0	10
74	93	407	0	10
75	87	413	0	10
76	82	418	0	10
77	94	406	0	10
78	96	404	0	10
79	100	400	0	10
80	92	408	0	10
81	103	397	0	10
82	91	409	0	10
83	82	418	0	10
84	99	401	0	10
85	93	407	0	10
86	105	395	0	10
87	104	396	0	10
88	101	399	0	10
89	96	404	0	10
90	88	412	0	10
91	102	398	0	10
92	86	414	0	10
93	93	407	0	10
94	99	401	0	10
95	108	392	0	10
96	86	414	0	10
97	98	402	0	10
98	99	401	0	10
99	94	406	0	10
100	85	415	0	10
101	110	390	0	10
102	93	407	0	10
103	92	408	0	10
104	101	399	0	10
105	95	405	0	10
106	85	415	0	10
107	90	410	0	10
108	97	403	0	10
109	92	408	0	10
110	105	395	0	10
111	83	417	0	10
112	84	416	0	10
113	87	413	0	10
114	98	402	0	10
115	106	394	0	10
116	98	402	0	10
117	89	411	0	10
118	104	396	0	10
119	104	396	0	10
120	102	398	0	10
121	86	414	0	10
122	93	407	0	10
123	92	408	0	10
124	102	398	0	10
125	90	410	0	10
126	85	415	0	10
127	102	398	0	10
128	112	388	0	10
129	98	402	0	10
130	98	402	0	10
131	93	407	0	10
132	90	410	0	10
133	83	417	0	10
134	87	413	0	10
135	104	396	0	10
136	96	404	0	10
137	109	391	0	10
138	101	399	0	10
139	99	401	0	10
140	97	403	0	10
141	89	411	0	10
142	101	399	0	10
143	99	401	0	10
144	84	416	0	10
145	93	407	0	10
146	102	398	0	10
147	94	406	0	10
148	99	401	0	10
149	95	405	0	10
150	97	403	0	10
151	98	402	0	10
152	97	403	0	10
153	86	414	0	10
154	92	408	0	10
155	107	393	0	10
156	98	402	0	10
157	93	407	0	10
158	100	400	0	10
159	88	412	0	10
160	90	410	0	10
161	104	396	0	10
162	100	400	0	10
163	94	406	0	10
164	103	397	0	10
165	86	414	0	10
166	85	415	0	10
167	89	411	0	10
168	79	421	0	10
169	101	399	0	10
170	94	406	0	10
171	107	393	0	10
172	94	406	0	10
173	90	410	0	10
174	92	408	0	10
175	84	416	0	10
176	98	402	0	10
177	105	395	0	10
178	98	402	0	10
179	94	406	0	10
180	97	403	0	10
181	113	387	0	10
182	94	406	0	10
183	97	403	0	10
184	99	401	0	10
185	94	406	0	10
186	96	404	0	10
187	92	408	0	10
188	92	408	0	10
189	97	403	0	10
190	97	403	0	10
191	100	400	0	10
192	98	402	0	10
193	104	396	0	10
194	92	408	0	10
195	99	401	0	10
196	92	408	0	10
197	94	406	0	10
198	101	399	0	10
199	99	401	0	10
200	79	421	0	10
201	94	406	0	10
202	93	407	0	10
203	89	411	0	10
204	99	401	0	10
205	98	402	0	10
206	92	408	0	10
207	97	403	0	10
208	89	411	0	10
209	88	412	0	10
210	110	390	0	10
211	96	404	0	10
212	103	397	0	10
213	89	411	0	10
214	95	405	0	10
215	86	414	0	10
216	96	404	0	10
217	107	393	0	10
218	109	391	0	10
219	111	389	0	10
220	94	406	0	10
221	90	410	0	10
222	108	392	0	10
223	89	411	0	10
224	94	406	0	10
225	93	407	0	10
226	97	403	0	10
227	106	394	0	10
228	89	411	0	10
229	89	411	0	10
230	101	399	0	10
231	91	409	0	10
232	99	401	0	10
233	90	410	0	10
234	95	405	0	10
235	95	405	0	10
236	97	403	0	10
237	87	413	0	10
238	97	403	0	10
239	102	398	0	10
240	85	415	0	10
241	83	417	0	10
242	108	392	0	10
243	97	403	0	10
244	98	402	0	10
245	92	408	0	10
246	81	419	0	10
247	105	395	0	10
248	83	417	0	10
249	96	404	0	10
250	89	411	0	10
251	95	405	0	10
252	99	401	0	10
253	95	405	0	10
254	97	403	0	10
255	88	412	0	10
256	86	414	0	10
257	92	408	0	10
258	113	387	0	10
259	88	412	0	10
260	100	400	0	10
261	106	394	0	10
262	98	402	0	10
263	95	405	0	10
264	99	401	0	10
265	86	414	0	10
266	96	404	0	10
267	103	397	0	10
268	88	412	0	10
269	99	401	0	10
270	87	413	0	10
271	88	412	0	10
272	102	398	0	10
273	101	399	0	10
274	107	393	0	10
275	102	398	0	10
276	100	400	0	10
277	105	395	0	10
278	97	403	0	10
279	102	398	0	10
280	90	410	0	10
281	102	398	0	10
282	94	406	0	10
283	97	403	0	10
284	91	409	0	10
285	93	407	0	10
286	91	409	0	10
287	93	407	0	10
288	106	394	0	10
289	102	398	0	10
290	104	396	0	10
291	101	399	0	10
292	95	405	0	10
293	101	399	0	10
294	89	411	0	10
295	96	404	0	10
296	88	412	0	10
297	89	411	0	10
298	100	400	0	10
299	98	402	0	10
300	96	404	0	10
301	83	417	0	10
302	102	398	0	10
303	84	416	0	10
304	102	398	0	10
305	100	400	0	10
306	100	400	0	10
307	90	410	0	10
308	95	405	0	10
309	87	413	0	10
310	89	411	0	10
311	93	407	0	10
312	90	410	0	10
313	109	391	0	10
314	89	411	0	10
315	96	404	0	10
316	88	412	0	10
317	86	414	0	10
318	93	407	0	10
319	86	414	0	10
320	95	405	0	10
321	100	400	0	10
322	90	410	0	10
323	90	410	0	10
324	89	411	0	10
325	94	406	0	10
326	92	408	0	10
327	89	411	0	10
328	96	404	0	10
329	92	408	0	10
330	98	402	0	10
331	97	403	0	10
332	99	401	0	10
333	86	414	0	10
334	105	395	0	10
335	90	410	0	10
336	90	410	0	10
337	102	398	0	10
338	105	395	0	10
339	86	414	0	10
340	86	414	0	10
341	101	399	0	10
342	97	403	0	10
343	85	415	0	10
344	104	396	0	10
345	98	402	0	10
346	104	396	0	10
347	107	393	0	10
348	103	397	0	10
349	85	415	0	10
350	88	412	0	10
351	94	406	0	10
352	92	408	0	10
353	100	400	0	10
354	86	414	0	10
355	100	400	0	10
356	86	414	0	10
357	86	414	0	10
358	95	405	0	10
359	97	403	0	10
360	86	414	0	10
361	90	410	0	10
362	99	401	0	10
363	101	399	0	10
364	95	405	0	10
365	98	402	0	10
366	95	405	0	10
367	95	405	0	10
368	96	404	0	10
369	96	404	0	10
370	92	408	0	10
371	101	399	0	10
372	92	408	0	10
373	95	405	0	10
374	104	396	0	10
375	95	405	0	10
376	85	415	0	10
377	97	403	0	10
378	99	401	0	10
379	107	393	0	10
380	89	411	0	10
381	110	390	0	10
382	96	404	0	10
383	98	402	0	10
384	106	394	0	10
385	101	399	0	10
386	102	398	0	10
387	97	403	0	10
388	96	404	0	10
389	91	409	0	10
390	97	403	0	10
391	91	409	0	10
392	91	409	0	10
393	92	408	0	10
394	92	408	0	10
395	106	394	0	10
396	91	409	0	10
397	90	410	0	10
398	99	401	0	10
399	87	413	0	10
400	91	409	0	10
401	90	410	0	10
402	91	409	0	10
403	96	404	0	10
404	98	402	0	10
405	95	405	0	10
406	86	414	0	10
407	81	419	0	10
408	93	407	0	10
409	90	410	0	10
410	93	407	0	10
411	101	399	0	10
412	97	403	0	10
413	88	412	0	10
414	90	410	0	10
415	99	401	0	10
416	82	418	0	10
417	101	399	0	10
418	85	415	0	10
419	97	403	0	10
420	100	400	0	10
421	103	397	0	10
422	103	397	0	10
423	95	405	0	10
424	91	409	0	10
425	100	400	0	10
426	100	400	0	10
427	88	412	0	10
428	100	400	0	10
429	94	406	0	10
430	84	416	0	10
431	91	409	0	10
432	92	408	0	10
433	99	401	0	10
434	94	406	0	10
435	98	402	0	10
436	87	413	0	10
437	94	406	0	10
438	100	400	0	10
439	87	413	0	10
440	92	408	0	10
441	101	399	0	10
442	92	408	0	10
443	91	409	0	10
444	79	421	0	10
445	96	404	0	10
446	101	399	0	10
447	101	399	0	10
448	91	409	0	10
449	94	406	0	10
450	88	412	0	10
451	97	403	0	10
452	88	412	0	10
453	88	412	0	10
454	90	410	0	10
455	100	400	0	10
456	102	398	0	10
457	104	396	0	10
458	85	415	0	10
459	83	417	0	10
460	80	420	0	10
461	99	401	0	10
462	83	417	0	10
463	96	404	0	10
464	84	416	0	10
465	84	416	0	10
466	102	398	0	10
467	98	402	0	10
468	94	406	0	10
469	87	413	0	10
470	100	400	0	10
471	82	418	0	10
472	101	399	0	10
473	93	407	0	10
474	82	418	0	10
475	97	403	0	10
476	98	402	0	10
477	91	409	0	10
478	91	409	0	10
479	89	411	0	10
480	85	415	0	10
481	103	397	0	10
482	89	411	0	10
483	94	406	0	10
484	106	394	0	10
485	96	404	0	10
486	108	392	0	10
487	92	408	0	10
488	105	395	0	10
489	102	398	0	10
490	87	413	0	10
491	89	411	0	10
492	98	402	0	10
493	76	424	0	10
494	94	406	0	10
495	96	404	0	10
496	101	399	0	10
497	89	411	0	10
498	100	400	0	10
499	99	401	0	10
500	93	407	0	10
501	94	406	0	10
502	99	401	0	10
503	89	411	0	10
504	96	404	0	10
505	96	404	0	10
506	84	416	0	10
507	98	402	0	10
508	111	389	0	10
509	109	391	0	10
510	96	404	0	10
511	99	401	0	10
512	93	407	0	10
513	96	404	0	10
514	97	403	0	10
515	99	401	0	10
516	107	393	0	10
517	98	402	0	10
518	103	397	0	10
519	105	395	0	10
520	89	411	0	10
521	88	412	0	10
522	103	397	0	10
523	98	402	0	10
524	83	417	0	10
525	96	404	0	10
526	90	410	0	10
527	111	389	0	10
528	101	399	0	10
529	95	405	0	10
530	94	406	0	10
531	94	406	0	10
532	102	398	0	10
533	87	413	0	10
534	97	403	0	10
535	98	402	0	10
536	87	413	0	10
537	84	416	0	10
538	97	403	0	10
539	105	395	0	10
540	86	414	0	10
541	91	409	0	10
542	93	407	0	10
543	109	391	0	10
544	107	393	0	10
545	102	398	0	10
546	106	394	0	10
547	89	411	0	10
548	91	409	0	10
549	96	404	0	10
550	86	414	0	10
551	107	393	0	10
552	95	405	0	10
553	98	402	0	10
554	90	410	0	10
555	89	411	0	10
556	99	401	0	10
557	113	387	0	10
558	85	415	0	10
559	102	398	0	10
560	97	403	0	10
561	94	406	0	10
562	99	401	0	10
563	97	403	0	10
564	103	397	0	10
565	98	402	0	10
566	104	396	0	10
567	99	401	0	10
568	103	397	0	10
569	96	404	0	10
570	106	394	0	10
571	102	398	0	10
572	97	403	0	10
573	107	393	0	10
574	95	405	0	10
575	94	406	0	10
576	93	407	0	10
577	95	405	0	10
578	98	402	0	10
579	95	405	0	10
580	97	403	0	10
581	94	406	0	10
582	78	422	0	10
583	102	398	0	10
584	106	394	0	10
585	108	392	0	10
586	98	402	0	10
587	90	410	0	10
588	87	413	0	10
589	98	402	0	10
590	97	403	0	10
591	95	405	0	10
592	100	400	0	10
593	96	404	0	10
594	86	414	0	10
595	96	404	0	10
596	95	405	0	10
597	84	416	0	10
598	92	408	0	10
599	103	397	0	10
600	105	395	0	10
601	89	411	0	10
602	96	404	0	10
603	86	414	0	10
604	114	386	0	10
605	100	400	0	10
606	94	406	0	10
607	95	405	0	10
608	91	409	0	10
609	85	415	0	10
610	104	396	0	10
611	86	414	0	10
612	97	403	0	10
613	92	408	0	10
614	102	398	0	10
615	88	412	0	10
616	95	405	0	10
617	102	398	0	10
618	99	401	0	10
619	94	406	0	10
620	116	384	0	10
621	96	404	0	10
622	107	393	0	10
623	117	383	0	10
624	87	413	0	10
625	98	402	0	10
626	98	402	0	10
627	91	409	0	10
628	89	411	0	10
629	87	413	0	10
630	110	390	0	10
631	99	401	0	10
632	92	408	0	10
633	89	411	0	10
634	93	407	0	10
635	109	391	0	10
636	93	407	0	10
637	87	413	0	10
638	100	400	0	10
639	96	404	0	10
640	115	385	0	10
641	100	400	0	10
642	89	411	0	10
643	93	407	0	10
644	101	399	0	10
645	97	403	0	10
646	105	395	0	10
647	100	400	0	10
648	96	404	0	10
649	99	401	0	10
650	101	399	0	10
651	106	394	0	10
652	87	413	0	10
653	105	395	0	10
654	88	412	0	10
655	90	410	0	10
656	105	395	0	10
657	103	397	0	10
658	96	404	0	10
659	92	408	0	10
660	89	411	0	10
661	84	416	0	10
662	101	399	0	10
663	85	415	0	10
664	112	388	0	10
665	100	400	0	10
666	97	403	0	10
667	97	403	0	10
668	106	394	0	10
669	97	403	0	10
670	107	393	0	10
671	106	394	0	10
672	106	394	0	10
673	78	422	0	10
674	105	395	0	10
675	101	399	0	10
676	93	407	0	10
677	86	414	0	10
678	84	416	0	10
679	95	405	0	10
680	113	387	0	10
681	88	412	0	10
682	104	396	0	10
683	100	400	0	10
684	112	388	0	10
685	99	401	0	10
686	83	417	0	10
687	101	399	0	10
688	104	396	0	10
689	84	416	0	10
690	102	398	0	10
691	103	397	0	10
692	95	405	0	10
693	99	401	0	10
694	100	400	0	10
695	88	412	0	10
696	85	415	0	10
697	106	394	0	10
698	90	410	0	10
699	96	404	0	10
700	100	400	0	10
701	94	406	0	10
702	111	389	0	10
703	98	402	0	10
704	91	409	0	10
705	106	394	0	10
706	83	417	0	10
707	114	386	0	10
708	100	400	0	10
709	109	391	0	10
710	90	410	0	10
711	87	413	0	10
712	94	406	0	10
713	98	402	0	10
714	104	396	0	10
715	95	405	0	10
716	95	405	0	10
717	91	409	0	10
718	94	406	0	10
719	97	403	0	10
720	112	388	0	10
721	98	402	0	10
722	93	407	0	10
723	100	400	0	10
724	90	410	0	10
725	105	395	0	10
726	96	404	0	10
727	77	423	0	10
728	105	395	0	10
729	106	394	0	10
730	103	397	0	10
731	97	403	0	10
732	85	415	0	10
733	89	411	0	10
734	88	412	0	10
735	106	394	0	10
736	94	406	0	10
737	97	403	0	10
738	97	403	0	10
739	85	415	0	10
740	102	398	0	10
741	99	401	0	10
742	94	406	0	10
743	89	411	0	10
744	88	412	0	10
745	109	391	0	10
746	107	393	0	10
747	102	398	0	10
748	93	407	0	10
749	78	422	0	10
750	97	403	0	10
751	99	401	0	10
752	78	422	0	10
753	82	418	0	10
754	97	403	0	10
755	95	405	0	10
756	95	405	0	10
757	98	402	0	10
758	99	401	0	10
759	93	407	0	10
760	93	407	0	10
761	98	402	0	10
762	105	395	0	10
763	105	395	0	10
764	93	407	0	10
765	93	407	0	10
766	102	398	0	10
767	96	404	0	10
768	85	415	0	10
769	92	408	0	10
770	86	414	0	10
771	94	406	0	10
772	88	412	0	10
773	101	399	0	10
774	102	398	0	10
775	93	407	0	10
776	105	395	0	10
777	94	406	0	10
778	109	391	0	10
779	100	400	0	10
780	99	401	0	10
781	108	392	0	10
782	86	414	0	10
783	94	406	0	10
784	97	403	0	10
785	108	392	0	10
786	99	401	0	10
787	95	405	0	10
788	93	407	0	10
789	90	410	0	10
790	79	421	0	10
791	107	393	0	10
792	106	394	0	10
793	104	396	0	10
794	93	407	0	10
795	93	407	0	10
796	90	410	0	10
797	95	405	0	10
798	110	390	0	10
799	100	400	0	10
800	103	397	0	10
801	99	401	0	10
802	100	400	0	10
803	90	410	0	10
804	101	399	0	10
805	97	403	0	10
806	92	408	0	10
807	86	414	0	10
808	107	393	0	10
809	102	398	0	10
810	90	410	0	10
811	85	415	0	10
812	89	411	0	10
813	106	394	0	10
814	92	408	0	10
815	105	395	0	10
816	88	412	0	10
817	101	399	0	10
818	117	383	0	10
819	94	406	0	10
820	92	408	0	10
821	98	402	0	10
822	91	409	0	10
823	84	416	0	10
824	94	406	0	10
825	105	395	0	10
826	96	404	0	10
827	83	417	0	10
828	92	408	0	10
829	93	407	0	10
830	103	397	0	10
831	97	403	0	10
832	91	409	0	10
833	92	408	0	10
834	97	403	0	10
835	90	410	0	10
836	106	394	0	10
837	88	412	0	10
838	96	404	0	10
839	82	418	0	10
840	97	403	0	10
841	101	399	0	10
842	86	414	0	10
843	101	399	0	10
844	91	409	0	10
845	93	407	0	10
846	83	417	0	10
847	105	395	0	10
848	86	414	0	10
849	102	398	0	10
850	85	415	0	10
851	110	390	0	10
852	86	414	0	10
853	108	392	0	10
854	98	402	0	10
855	87	413	0	10
856	93	407	0	10
857	97	403	0	10
858	87	413	0	10
859	96	404	0	10
860	96	404	0	10
861	81	419	0	10
862	98	402	0	10
863	95	405	0	10
864	87	413	0	10
865	85	415	0	10
866	97	403	0	10
867	93	407	0	10
868	101	399	0	10
869	99	401	0	10
870	110	390	0	10
871	96	404	0	10
872	111	389	0	10
873	99	401	0	10
874	104	396	0	10
875	110	390	0	10
876	107	393	0	10
877	87	413	0	10
878	92	408	0	10
879	101	399	0	10
880	95	405	0	10
881	96	404	0	10
882	79	421	0	10
883	101	399	0	10
884	100	400	0	10
885	100	400	0	10
886	105	395	0	10
887	100	400	0	10
888	92	408	0	10
889	96	404	0	10
890	108	392	0	10
891	101	399	0	10
892	108	392	0	10
893	100	400	0	10
894	111	389	0	10
895	86	414	0	10
896	100	400	0	10
897	99	401	0	10
898	95	405	0	10
899	96	404	0	10
900	97	403	0	10
901	111	389	0	10
902	101	399	0	10
903	91	409	0	10
904	113	387	0	10
905	93	407	0	10
906	90	410	0	10
907	92	408	0	10
908	95	405	0	10
909	102	398	0	10
910	102	398	0	10
911	98	402	0	10
912	107	393	0	10
913	103	397	0	10
914	101	399	0	10
915	95	405	0	10
916	90	410	0	10
917	89	411	0	10
918	86	414	0	10
919	100	400	0	10
920	105	395	0	10
921	83	417	0	10
922	102	398	0	10
923	98	402	0	10
924	91	409	0	10
925	103	397	0	10
926	95	405	0	10
927	94	406	0	10
928	99	401	0	10
929	104	396	0	10
930	93	407	0	10
931	93	407	0	10
932	93	407	0	10
933	112	388	0	10
934	100	400	0	10
935	109	391	0	10
936	89	411	0	10
937	106	394	0	10
938	98	402	0	10
939	82	418	0	10
940	111	389	0	10
941	90	410	0	10
942	98	402	0	10
943	95	405	0	10
944	94	406	0	10
945	106	394	0	10
946	87	413	0	10
947	95	405	0	10
948	99	401	0	10
949	100	400	0	10
950	107	393	0	10
951	88	412	0	10
952	96	404	0	10
953	99	401	0	10
954	104	396	0	10
955	104	396	0	10
956	98	402	0	10
957	100	400	0	10
958	92	408	0	10
959	91	409	0	10
960	100	400	0	10
961	100	400	0	10
962	84	416	0	10
963	94	406	0	10
964	112	388	0	10
965	90	410	0	10
966	83	417	0	10
967	111	389	0	10
968	97	403	0	10
969	97	403	0	10
970	89	411	0	10
971	93	407	0	10
972	93	407	0	10
973	89	411	0	10
974	90	410	0	10
975	99	401	0	10
976	99	401	0	10
977	111	389	0	10
978	80	420	0	10
979	83	417	0	10
980	100	400	0	10
981	109	391	0	10
982	87	413	0	10
983	103	397	0	10
984	102	398	0	10
985	95	405	0	10
986	95	405	0	10
987	97	403	0	10
988	104	396	0	10
989	95	405	0	10
990	82	418	0	10
991	95	405	0	10
992	85	415	0	10
993	89	411	0	10
994	92	408	0	10
995	93	407	0	10
996	97	403	0	10
997	94	406	0	10
998	88	412	0	10
999	92	408	0	10
1000	90	410	0	10
