Round	Out	Left	Right	Game Type
1	199	135	166	8
2	207	121	172	8
3	187	143	170	8
4	205	129	166	8
5	217	124	159	8
6	216	117	167	8
7	214	124	162	8
8	219	114	167	8
9	211	111	178	8
10	219	114	167	8
11	222	122	156	8
12	193	144	163	8
13	206	135	159	8
14	200	134	166	8
15	208	131	161	8
16	204	130	166	8
17	202	127	171	8
18	190	141	169	8
19	208	123	169	8
20	214	128	158	8
21	200	144	156	8
22	205	125	170	8
23	209	124	167	8
24	198	141	161	8
25	207	129	164	8
26	199	137	164	8
27	199	149	152	8
28	196	137	167	8
29	184	156	160	8
30	204	142	154	8
31	201	141	158	8
32	200	142	158	8
33	214	122	164	8
34	191	150	159	8
35	199	140	161	8
36	220	117	163	8
37	194	151	155	8
38	199	140	161	8
39	200	136	164	8
40	191	141	168	8
41	209	122	169	8
42	200	126	174	8
43	194	152	154	8
44	221	116	163	8
45	202	131	167	8
46	209	119	172	8
47	204	136	160	8
48	212	134	154	8
49	216	112	172	8
50	201	137	162	8
51	198	137	165	8
52	201	138	161	8
53	206	127	167	8
54	201	153	146	8
55	213	114	173	8
56	195	141	164	8
57	207	128	165	8
58	196	139	165	8
59	204	137	159	8
60	198	142	160	8
61	202	138	160	8
62	197	135	168	8
63	198	133	169	8
64	204	134	162	8
65	200	136	164	8
66	199	142	159	8
67	194	142	164	8
68	205	132	163	8
69	200	135	165	8
70	195	152	153	8
71	197	144	159	8
72	200	142	158	8
73	215	119	166	8
74	205	134	161	8
75	193	143	164	8
76	205	138	157	8
77	192	140	168	8
78	201	137	162	8
79	211	132	157	8
80	206	124	170	8
81	197	140	163	8
82	203	129	168	8
83	194	150	156	8
84	211	126	163	8
85	196	147	157	8
86	187	156	157	8
87	197	141	162	8
88	188	147	165	8
89	195	146	159	8
90	208	128	164	8
91	207	130	163	8
92	192	149	159	8
93	210	127	163	8
94	199	140	161	8
95	196	137	167	8
96	188	145	167	8
97	206	133	161	8
98	192	144	164	8
99	193	150	157	8
100	212	121	167	8
101	200	143	157	8
102	202	135	163	8
103	191	149	160	8
104	203	130	167	8
105	194	153	153	8
106	214	120	166	8
107	208	131	161	8
108	210	128	162	8
109	206	130	164	8
110	215	114	171	8
111	188	145	167	8
112	199	145	156	8
113	198	149	153	8
114	208	124	168	8
115	213	121	166	8
116	198	131	171	8
117	203	137	160	8
118	196	145	159	8
119	214	119	167	8
120	210	127	163	8
121	196	152	152	8
122	199	136	165	8
123	192	144	164	8
124	208	135	157	8
125	205	121	174	8
126	205	135	160	8
127	192	150	158	8
128	186	145	169	8
129	193	147	160	8
130	210	130	160	8
131	216	119	165	8
132	208	115	177	8
133	194	125	181	8
134	211	126	163	8
135	202	137	161	8
136	211	127	162	8
137	198	139	163	8
138	216	125	159	8
139	202	128	170	8
140	201	152	147	8
141	192	141	167	8
142	196	144	160	8
143	196	133	171	8
144	198	144	158	8
145	205	131	164	8
146	217	124	159	8
147	195	151	154	8
148	206	135	159	8
149	211	120	169	8
150	186	148	166	8
151	200	121	179	8
152	190	146	164	8
153	191	137	172	8
154	213	121	166	8
155	199	148	153	8
156	200	141	159	8
157	214	129	157	8
158	205	132	163	8
159	198	137	165	8
160	200	134	166	8
161	206	134	160	8
162	207	125	168	8
163	197	143	160	8
164	205	139	156	8
165	207	130	163	8
166	203	135	162	8
167	204	122	174	8
168	205	126	169	8
169	219	116	165	8
170	201	133	166	8
171	207	131	162	8
172	194	149	157	8
173	219	126	155	8
174	212	127	161	8
175	193	133	174	8
176	198	140	162	8
177	194	146	160	8
178	202	140	158	8
179	211	141	148	8
180	199	128	173	8
181	201	136	163	8
182	198	133	169	8
183	203	143	154	8
184	200	139	161	8
185	207	135	158	8
186	198	147	155	8
187	201	138	161	8
188	203	134	163	8
189	201	135	164	8
190	203	126	171	8
191	209	119	172	8
192	198	134	168	8
193	198	145	157	8
194	204	130	166	8
195	204	120	176	8
196	201	132	167	8
197	210	116	174	8
198	196	137	167	8
199	197	138	165	8
200	200	134	166	8
201	209	140	151	8
202	205	122	173	8
203	206	126	168	8
204	190	160	150	8
205	202	139	159	8
206	183	158	159	8
207	196	140	164	8
208	194	135	171	8
209	202	132	166	8
210	194	137	169	8
211	203	136	161	8
212	197	136	167	8
213	202	135	163	8
214	207	124	169	8
215	213	126	161	8
216	201	132	167	8
217	210	127	163	8
218	189	138	173	8
219	195	143	162	8
220	196	139	165	8
221	204	142	154	8
222	199	137	164	8
223	201	145	154	8
224	205	134	161	8
225	203	135	162	8
226	211	129	160	8
227	193	139	168	8
228	211	126	163	8
229	207	132	161	8
230	198	137	165	8
231	200	130	170	8
232	190	157	153	8
233	188	144	168	8
234	205	135	160	8
235	210	125	165	8
236	204	122	174	8
237	207	127	166	8
238	213	116	171	8
239	207	137	156	8
240	198	134	168	8
241	200	138	162	8
242	185	149	166	8
243	186	149	165	8
244	199	124	177	8
245	204	123	173	8
246	183	147	170	8
247	204	133	163	8
248	201	141	158	8
249	199	135	166	8
250	207	136	157	8
251	221	115	164	8
252	196	134	170	8
253	199	141	160	8
254	206	128	166	8
255	184	154	162	8
256	207	134	159	8
257	204	134	162	8
258	201	133	166	8
259	211	122	167	8
260	192	135	173	8
261	200	136	164	8
262	200	140	160	8
263	212	125	163	8
264	189	142	169	8
265	216	130	154	8
266	203	136	161	8
267	209	130	161	8
268	192	147	161	8
269	200	132	168	8
270	204	131	165	8
271	206	130	164	8
272	201	131	168	8
273	207	113	180	8
274	210	131	159	8
275	195	142	163	8
276	213	114	173	8
277	220	117	163	8
278	213	122	165	8
279	199	139	162	8
280	204	132	164	8
281	205	128	167	8
282	203	132	165	8
283	203	138	159	8
284	199	139	162	8
285	199	139	162	8
286	196	147	157	8
287	198	133	169	8
288	198	137	165	8
289	205	134	161	8
290	207	136	157	8
291	212	121	167	8
292	197	143	160	8
293	195	131	174	8
294	209	127	164	8
295	193	143	164	8
296	193	135	172	8
297	203	135	162	8
298	199	140	161	8
299	195	144	161	8
300	212	130	158	8
301	200	131	169	8
302	191	150	159	8
303	214	119	167	8
304	206	138	156	8
305	208	128	164	8
306	204	130	166	8
307	212	128	160	8
308	198	136	166	8
309	225	119	156	8
310	200	127	173	8
311	205	130	165	8
312	202	142	156	8
313	196	152	152	8
314	201	131	168	8
315	211	130	159	8
316	186	161	153	8
317	193	145	162	8
318	209	128	163	8
319	208	120	172	8
320	207	126	167	8
321	204	127	169	8
322	203	139	158	8
323	191	146	163	8
324	208	128	164	8
325	196	136	168	8
326	186	154	160	8
327	202	143	155	8
328	205	122	173	8
329	196	134	170	8
330	204	145	151	8
331	214	123	163	8
332	207	135	158	8
333	198	141	161	8
334	208	133	159	8
335	213	117	170	8
336	205	132	163	8
337	208	128	164	8
338	208	127	165	8
339	209	138	153	8
340	208	132	160	8
341	188	158	154	8
342	208	126	166	8
343	200	138	162	8
344	191	136	173	8
345	208	127	165	8
346	197	138	165	8
347	192	146	162	8
348	188	137	175	8
349	215	120	165	8
350	204	138	158	8
351	187	151	162	8
352	190	147	163	8
353	206	120	174	8
354	186	157	157	8
355	194	141	165	8
356	197	135	168	8
357	190	146	164	8
358	203	138	159	8
359	193	133	174	8
360	204	138	158	8
361	206	136	158	8
362	198	135	167	8
363	204	124	172	8
364	217	124	159	8
365	196	137	167	8
366	207	132	161	8
367	201	132	167	8
368	200	125	175	8
369	202	142	156	8
370	206	129	165	8
371	214	123	163	8
372	196	144	160	8
373	200	144	156	8
374	190	159	151	8
375	187	154	159	8
376	206	134	160	8
377	199	151	150	8
378	191	141	168	8
379	185	161	154	8
380	189	140	171	8
381	211	130	159	8
382	207	131	162	8
383	200	137	163	8
384	198	135	167	8
385	214	119	167	8
386	200	138	162	8
387	206	134	160	8
388	214	126	160	8
389	206	126	168	8
390	206	140	154	8
391	200	145	155	8
392	183	151	166	8
393	213	114	173	8
394	204	134	162	8
395	204	129	167	8
396	206	133	161	8
397	205	131	164	8
398	207	128	165	8
399	211	130	159	8
400	204	141	155	8
401	207	121	172	8
402	194	143	163	8
403	179	158	163	8
404	199	141	160	8
405	209	136	155	8
406	203	130	167	8
407	221	122	157	8
408	201	140	159	8
409	200	141	159	8
410	201	137	162	8
411	206	129	165	8
412	196	137	167	8
413	193	142	165	8
414	215	129	156	8
415	211	128	161	8
416	204	125	171	8
417	193	155	152	8
418	208	126	166	8
419	209	128	163	8
420	202	138	160	8
421	188	156	156	8
422	211	131	158	8
423	200	130	170	8
424	190	150	160	8
425	210	121	169	8
426	203	135	162	8
427	200	133	167	8
428	201	133	166	8
429	208	134	158	8
430	209	127	164	8
431	214	125	161	8
432	205	136	159	8
433	205	139	156	8
434	218	124	158	8
435	194	149	157	8
436	194	147	159	8
437	201	137	162	8
438	197	137	166	8
439	207	125	168	8
440	196	143	161	8
441	209	125	166	8
442	217	119	164	8
443	205	134	161	8
444	193	140	167	8
445	193	151	156	8
446	214	126	160	8
447	209	131	160	8
448	214	113	173	8
449	208	122	170	8
450	209	129	162	8
451	202	137	161	8
452	204	131	165	8
453	217	109	174	8
454	195	132	173	8
455	218	119	163	8
456	196	138	166	8
457	204	131	165	8
458	206	138	156	8
459	213	121	166	8
460	201	137	162	8
461	198	134	168	8
462	202	135	163	8
463	204	136	160	8
464	214	123	163	8
465	205	142	153	8
466	212	126	162	8
467	197	150	153	8
468	200	133	167	8
469	208	125	167	8
470	207	130	163	8
471	205	138	157	8
472	202	134	164	8
473	198	131	171	8
474	202	128	170	8
475	201	149	150	8
476	208	126	166	8
477	205	127	168	8
478	210	128	162	8
479	196	141	163	8
480	199	135	166	8
481	197	136	167	8
482	215	110	175	8
483	203	130	167	8
484	206	135	159	8
485	192	140	168	8
486	205	123	172	8
487	217	127	156	8
488	203	133	164	8
489	195	143	162	8
490	197	134	169	8
491	192	145	163	8
492	217	121	162	8
493	200	137	163	8
494	200	140	160	8
495	194	142	164	8
496	196	137	167	8
497	219	128	153	8
498	203	137	160	8
499	202	137	161	8
500	207	123	170	8
501	192	145	163	8
502	207	124	169	8
503	214	120	166	8
504	206	125	169	8
505	204	123	173	8
506	212	125	163	8
507	203	131	166	8
508	207	129	164	8
509	203	136	161	8
510	211	127	162	8
511	200	136	164	8
512	213	113	174	8
513	210	131	159	8
514	190	137	173	8
515	201	132	167	8
516	207	129	164	8
517	189	149	162	8
518	203	121	176	8
519	211	120	169	8
520	201	132	167	8
521	200	143	157	8
522	208	126	166	8
523	204	153	143	8
524	211	132	157	8
525	196	139	165	8
526	193	142	165	8
527	207	129	164	8
528	201	131	168	8
529	222	109	169	8
530	201	141	158	8
531	200	133	167	8
532	205	132	163	8
533	203	129	168	8
534	197	144	159	8
535	203	135	162	8
536	194	140	166	8
537	214	118	168	8
538	203	125	172	8
539	216	129	155	8
540	211	125	164	8
541	195	143	162	8
542	196	139	165	8
543	201	143	156	8
544	195	142	163	8
545	201	140	159	8
546	211	126	163	8
547	208	133	159	8
548	206	138	156	8
549	194	145	161	8
550	196	142	162	8
551	196	142	162	8
552	217	119	164	8
553	205	128	167	8
554	190	154	156	8
555	208	127	165	8
556	202	137	161	8
557	192	139	169	8
558	192	148	160	8
559	196	140	164	8
560	193	149	158	8
561	196	135	169	8
562	195	154	151	8
563	209	122	169	8
564	202	137	161	8
565	206	130	164	8
566	202	137	161	8
567	210	126	164	8
568	194	143	163	8
569	216	118	166	8
570	195	143	162	8
571	199	146	155	8
572	194	150	156	8
573	191	147	162	8
574	194	124	182	8
575	205	131	164	8
576	209	127	164	8
577	215	122	163	8
578	205	139	156	8
579	204	132	164	8
580	205	138	157	8
581	206	130	164	8
582	209	135	156	8
583	217	119	164	8
584	191	144	165	8
585	207	130	163	8
586	194	143	163	8
587	198	145	157	8
588	190	146	164	8
589	196	142	162	8
590	202	143	155	8
591	199	144	157	8
592	202	133	165	8
593	206	136	158	8
594	203	129	168	8
595	199	133	168	8
596	199	140	161	8
597	206	131	163	8
598	206	128	166	8
599	200	139	161	8
600	189	150	161	8
601	206	130	164	8
602	197	143	160	8
603	201	132	167	8
604	202	141	157	8
605	190	141	169	8
606	200	140	160	8
607	210	130	160	8
608	205	137	158	8
609	196	139	165	8
610	201	136	163	8
611	207	144	149	8
612	201	134	165	8
613	207	127	166	8
614	198	138	164	8
615	202	129	169	8
616	209	126	165	8
617	208	123	169	8
618	195	143	162	8
619	202	144	154	8
620	195	141	164	8
621	197	142	161	8
622	207	121	172	8
623	194	136	170	8
624	210	118	172	8
625	206	122	172	8
626	199	138	163	8
627	207	130	163	8
628	199	139	162	8
629	210	125	165	8
630	214	121	165	8
631	203	139	158	8
632	208	122	170	8
633	216	117	167	8
634	202	141	157	8
635	201	136	163	8
636	203	137	160	8
637	194	142	164	8
638	185	148	167	8
639	195	143	162	8
640	195	138	167	8
641	201	131	168	8
642	190	146	164	8
643	195	139	166	8
644	194	143	163	8
645	199	130	171	8
646	197	141	162	8
647	198	147	155	8
648	197	146	157	8
649	203	136	161	8
650	206	125	169	8
651	195	146	159	8
652	208	128	164	8
653	210	127	163	8
654	203	136	161	8
655	206	131	163	8
656	194	139	167	8
657	194	144	162	8
658	212	132	156	8
659	193	144	163	8
660	211	121	168	8
661	183	150	167	8
662	216	118	166	8
663	207	118	175	8
664	203	136	161	8
665	203	128	169	8
666	206	139	155	8
667	210	126	164	8
668	192	150	158	8
669	192	144	164	8
670	194	145	161	8
671	205	128	167	8
672	206	122	172	8
673	198	151	151	8
674	213	115	172	8
675	203	145	152	8
676	189	139	172	8
677	207	115	178	8
678	207	131	162	8
679	203	132	165	8
680	192	141	167	8
681	198	134	168	8
682	199	137	164	8
683	217	122	161	8
684	197	144	159	8
685	213	116	171	8
686	191	151	158	8
687	209	130	161	8
688	196	138	166	8
689	193	140	167	8
690	211	134	155	8
691	193	138	169	8
692	201	133	166	8
693	201	136	163	8
694	196	134	170	8
695	200	133	167	8
696	194	131	175	8
697	190	141	169	8
698	186	155	159	8
699	198	145	157	8
700	201	142	157	8
701	204	133	163	8
702	214	128	158	8
703	209	130	161	8
704	194	147	159	8
705	201	133	166	8
706	207	131	162	8
707	201	129	170	8
708	205	131	164	8
709	195	144	161	8
710	192	147	161	8
711	196	138	166	8
712	204	128	168	8
713	214	114	172	8
714	195	142	163	8
715	218	121	161	8
716	207	139	154	8
717	211	131	158	8
718	183	157	160	8
719	199	144	157	8
720	209	127	164	8
721	206	129	165	8
722	203	141	156	8
723	189	147	164	8
724	205	142	153	8
725	212	132	156	8
726	211	135	154	8
727	205	122	173	8
728	200	139	161	8
729	209	131	160	8
730	200	141	159	8
731	205	133	162	8
732	200	140	160	8
733	190	147	163	8
734	199	133	168	8
735	207	134	159	8
736	207	132	161	8
737	203	128	169	8
738	201	141	158	8
739	192	151	157	8
740	205	135	160	8
741	191	139	170	8
742	204	141	155	8
743	204	138	158	8
744	202	130	168	8
745	200	142	158	8
746	198	140	162	8
747	191	143	166	8
748	207	132	161	8
749	194	141	165	8
750	205	136	159	8
751	201	127	172	8
752	214	125	161	8
753	188	143	169	8
754	207	147	146	8
755	209	125	166	8
756	209	125	166	8
757	214	122	164	8
758	204	123	173	8
759	214	120	166	8
760	198	133	169	8
761	212	123	165	8
762	209	127	164	8
763	207	139	154	8
764	203	136	161	8
765	213	126	161	8
766	212	129	159	8
767	205	134	161	8
768	200	129	171	8
769	186	148	166	8
770	219	117	164	8
771	208	130	162	8
772	213	122	165	8
773	205	135	160	8
774	194	144	162	8
775	194	135	171	8
776	199	139	162	8
777	187	149	164	8
778	205	126	169	8
779	204	124	172	8
780	188	145	167	8
781	210	135	155	8
782	203	125	172	8
783	207	130	163	8
784	201	135	164	8
785	207	135	158	8
786	203	138	159	8
787	188	157	155	8
788	210	127	163	8
789	198	145	157	8
790	203	127	170	8
791	192	143	165	8
792	208	131	161	8
793	202	140	158	8
794	185	142	173	8
795	201	135	164	8
796	205	123	172	8
797	193	140	167	8
798	204	128	168	8
799	191	133	176	8
800	209	123	168	8
801	215	128	157	8
802	211	127	162	8
803	210	124	166	8
804	207	122	171	8
805	204	134	162	8
806	199	137	164	8
807	195	138	167	8
808	222	113	165	8
809	204	132	164	8
810	198	140	162	8
811	211	127	162	8
812	206	129	165	8
813	204	133	163	8
814	198	126	176	8
815	191	150	159	8
816	207	127	166	8
817	204	127	169	8
818	198	133	169	8
819	212	121	167	8
820	196	138	166	8
821	202	143	155	8
822	214	123	163	8
823	190	149	161	8
824	212	124	164	8
825	197	135	168	8
826	215	125	160	8
827	200	140	160	8
828	206	131	163	8
829	194	139	167	8
830	191	150	159	8
831	204	132	164	8
832	199	142	159	8
833	205	131	164	8
834	192	136	172	8
835	208	119	173	8
836	192	145	163	8
837	215	126	159	8
838	202	138	160	8
839	220	117	163	8
840	203	136	161	8
841	211	123	166	8
842	212	126	162	8
843	195	144	161	8
844	209	130	161	8
845	212	122	166	8
846	197	142	161	8
847	199	150	151	8
848	198	136	166	8
849	201	140	159	8
850	195	134	171	8
851	194	149	157	8
852	204	129	167	8
853	199	138	163	8
854	191	154	155	8
855	199	136	165	8
856	195	135	170	8
857	206	137	157	8
858	204	133	163	8
859	198	146	156	8
860	190	136	174	8
861	205	137	158	8
862	207	132	161	8
863	195	133	172	8
864	214	114	172	8
865	213	128	159	8
866	211	129	160	8
867	206	128	166	8
868	188	152	160	8
869	216	109	175	8
870	203	121	176	8
871	201	132	167	8
872	202	133	165	8
873	191	142	167	8
874	202	149	149	8
875	204	133	163	8
876	201	132	167	8
877	208	123	169	8
878	207	133	160	8
879	182	161	157	8
880	192	140	168	8
881	196	137	167	8
882	201	135	164	8
883	194	148	158	8
884	205	129	166	8
885	184	154	162	8
886	197	143	160	8
887	200	130	170	8
888	197	137	166	8
889	198	138	164	8
890	199	134	167	8
891	203	132	165	8
892	202	132	166	8
893	211	123	166	8
894	220	102	178	8
895	198	137	165	8
896	206	122	172	8
897	196	147	157	8
898	194	139	167	8
899	205	119	176	8
900	209	128	163	8
901	200	128	172	8
902	190	150	160	8
903	227	115	158	8
904	187	155	158	8
905	204	130	166	8
906	206	128	166	8
907	194	140	166	8
908	191	153	156	8
909	184	159	157	8
910	195	134	171	8
911	203	130	167	8
912	192	145	163	8
913	201	139	160	8
914	207	122	171	8
915	204	142	154	8
916	204	133	163	8
917	193	140	167	8
918	203	131	166	8
919	198	134	168	8
920	214	138	148	8
921	209	131	160	8
922	205	124	171	8
923	222	122	156	8
924	199	124	177	8
925	200	152	148	8
926	198	144	158	8
927	193	152	155	8
928	205	110	185	8
929	207	131	162	8
930	190	146	164	8
931	213	118	169	8
932	199	141	160	8
933	197	138	165	8
934	207	141	152	8
935	210	120	170	8
936	191	144	165	8
937	206	128	166	8
938	186	145	169	8
939	205	142	153	8
940	209	126	165	8
941	210	130	160	8
942	206	142	152	8
943	202	141	157	8
944	202	140	158	8
945	198	139	163	8
946	205	131	164	8
947	201	132	167	8
948	195	137	168	8
949	209	122	169	8
950	186	145	169	8
951	193	143	164	8
952	205	127	168	8
953	196	128	176	8
954	193	143	164	8
955	213	126	161	8
956	218	117	165	8
957	199	130	171	8
958	215	115	170	8
959	197	141	162	8
960	203	140	157	8
961	201	146	153	8
962	193	154	153	8
963	196	142	162	8
964	203	136	161	8
965	198	135	167	8
966	207	131	162	8
967	190	148	162	8
968	205	132	163	8
969	202	133	165	8
970	193	143	164	8
971	196	137	167	8
972	218	124	158	8
973	204	131	165	8
974	204	132	164	8
975	200	132	168	8
976	212	122	166	8
977	216	127	157	8
978	212	133	155	8
979	194	145	161	8
980	208	118	174	8
981	197	139	164	8
982	216	121	163	8
983	192	149	159	8
984	191	150	159	8
985	201	127	172	8
986	216	112	172	8
987	207	135	158	8
988	212	127	161	8
989	199	140	161	8
990	212	141	147	8
991	209	123	168	8
992	202	135	163	8
993	210	122	168	8
994	211	126	163	8
995	211	125	164	8
996	207	136	157	8
997	206	123	171	8
998	202	126	172	8
999	203	132	165	8
1000	197	142	161	8
